chr4	174108950	174109127	-3.1e+00	3.0e-05
chr4	174267117	174267760	-1.2e+00	1.6e-03
chr4	174406424	174406684	2.0e+00	2.2e-03
chr4	174434828	174435116	1.9e+00	1.8e-03
chr4	174440667	174441100	1.3e+00	1.1e-03
chr4	174477508	174478290	2.3e+00	5.2e-05
chr4	174666470	174666713	2.6e+00	5.0e-04
chr4	174723157	174723963	-1.3e+00	9.6e-04
chr4	174737824	174738109	-2.0e+00	6.5e-03
chr4	174799811	174800277	1.7e+00	5.3e-04
chr4	174840427	174840876	-2.4e+00	3.7e-06
chr4	174856953	174857412	2.4e+00	1.9e-04
chr4	174913125	174913906	3.1e+00	6.3e-07
chr4	174918668	174919129	2.4e+00	5.4e-04
chr4	174933234	174934122	1.4e+00	3.4e-05
chr4	174990942	174991585	3.5e+00	3.2e-12
chr4	175001163	175002039	1.1e+00	5.0e-03
chr4	175032381	175033058	2.5e+00	7.4e-08
chr4	175040246	175040732	1.6e+00	9.7e-06
chr4	175043697	175044279	1.6e+00	9.5e-06
chr4	175098396	175099175	3.4e+00	8.9e-10
chr4	175110290	175110789	2.5e+00	2.3e-04
chr4	175114109	175114836	2.4e+00	2.5e-06
chr4	175149109	175149693	1.9e+00	2.4e-03
chr4	175181183	175181817	1.6e+00	8.8e-06
